0.38619399070739746
0.38426971435546875
0.5034472942352295
0.501349925994873
0.4642159938812256
0.5361883640289307
0.3614463806152344
0.4658050537109375
0.42018795013427734
0.5368614196777344
0.520205020904541
0.48763442039489746
0.5211338996887207
0.3962879180908203
0.3483009338378906
0.33785343170166016
0.33127403259277344
0.41858553886413574
0.32906389236450195
0.43174219131469727
0.4248387813568115
0.37463927268981934
0.3557767868041992
0.3874475955963135
0.32103681564331055
0.4085829257965088
0.2931790351867676
0.3768436908721924
0.28403186798095703
0.30017828941345215
0.3025848865509033
0.3904132843017578
0.31987881660461426
0.3425123691558838
0.3075392246246338
0.32222461700439453
0.32471489906311035
0.3428232669830322
0.36171674728393555
0.367138147354126
0.32784581184387207
0.3488478660583496
0.3915073871612549
0.6578996181488037
0.34040141105651855
0.33304429054260254
0.30017542839050293
0.3569614887237549
0.31447768211364746
0.3104972839355469
0.48721790313720703
0.35164308547973633
0.3704111576080322
0.4228708744049072
0.4434800148010254
0.4070315361022949
0.5551614761352539
0.7556631565093994
0.6863260269165039
0.5631592273712158
0.6680688858032227
0.5074255466461182
0.8041896820068359
0.6123239994049072
1.1999869346618652
0.4021463394165039
0.37911415100097656
0.48313212394714355
0.33148646354675293
0.3681788444519043
0.29944896697998047
0.38048529624938965
0.34040141105651855
0.39673399925231934
0.35373497009277344
0.3464357852935791
0.3279128074645996
0.4015359878540039
0.3591887950897217
0.3665642738342285
0.4029064178466797
0.3434011936187744
0.2968635559082031
0.32585906982421875
0.3351452350616455
0.3660120964050293
0.40696001052856445
0.34137558937072754
0.3006272315979004
0.35221004486083984
0.32389354705810547
0.41129088401794434
0.39621734619140625
0.3226966857910156
0.33720827102661133
0.3964254856109619
0.30388450622558594
0.30242466926574707
0.44872188568115234
0.3375978469848633
