19402752
19398656
19402752
19406848
19406848
19406848
19406848
19410944
19402752
19406848
19406848
19406848
19402752
19402752
19406848
19406848
19402752
19398656
19398656
19402752
19402752
19402752
19406848
19406848
19402752
19402752
19406848
19406848
19410944
19406848
19410944
19406848
19398656
19402752
19406848
19406848
19406848
19406848
19402752
19402752
19402752
19406848
19398656
19402752
19398656
19406848
19402752
19402752
19406848
19406848
19402752
19406848
19406848
19406848
19406848
19406848
19402752
19406848
19402752
19406848
19406848
19402752
19406848
19406848
19406848
19398656
19402752
19410944
19406848
19402752
19406848
19406848
19406848
19406848
19406848
19398656
19406848
19402752
19398656
19406848
19398656
19406848
19406848
19402752
19398656
19406848
19406848
19402752
19406848
19406848
19410944
19406848
19398656
19402752
19402752
19406848
19406848
19398656
19398656
19406848
