24813568
24809472
24809472
24817664
24817664
24817664
24817664
24821760
24813568
24817664
24817664
24817664
24813568
24813568
24817664
24817664
24813568
24809472
24809472
24813568
24813568
24813568
24817664
24817664
24813568
24834048
24838144
24817664
24821760
24817664
24821760
24817664
24809472
24813568
24817664
24817664
24817664
24817664
24813568
24813568
24813568
24817664
24809472
24813568
24829952
24817664
24813568
24813568
24817664
24817664
24813568
24817664
24817664
24817664
24817664
24817664
24834048
24817664
24813568
24817664
24817664
24813568
24817664
24817664
24817664
24829952
24813568
24821760
24817664
24813568
24817664
24817664
24817664
24817664
24817664
24809472
24817664
24813568
24809472
24817664
24809472
24817664
24817664
24813568
24809472
24817664
24813568
24793088
24817664
24817664
24817664
24817664
24584192
24813568
24813568
24817664
24817664
24809472
24809472
24817664
